Column Means 
533.400943789,3.47,0.081687228633,2.878425,2.67763334663,118.518732397

Column Variance 
69998.3283522,3.02314629259,0.0070551450279,15.3440349249,11.4734270913,4989.67411455

Correlation Matrix 
          X1        X2        X3        X4        X5         Y
X1  1.000000 -0.014324 -0.113998 -0.009826  0.748331  0.864453
X2 -0.014324  1.000000 -0.045013 -0.792724 -0.024899  0.022098
X3 -0.113998 -0.045013  1.000000 -0.034855 -0.087973 -0.077394
X4 -0.009826 -0.792724 -0.034855  1.000000  0.018821 -0.003260
X5  0.748331 -0.024899 -0.087973  0.018821  1.000000  0.826421
Y   0.864453  0.022098 -0.077394 -0.003260  0.826421  1.000000